4294967278,401
4294967278,132
4294967278,381
4294967278,131
4294967278,130
4294967278,128
4294967278,127
4294967278,126
4294967278,122
4294967278,120
4294967278,119
4294967278,118
4294967278,117
4294967278,115
4294967278,114
4294967278,113
4294967278,112
4294967278,108
4294967278,106
4294967278,105
4294967278,104
4294967278,103
4294967278,102
4294967278,101
4294967278,98
4294967278,96
4294967278,95
4294967278,94
4294967278,93
4294967278,92
4294967278,91
4294967278,90
4294967278,89
4294967278,86
4294967278,83
4294967278,81
4294967278,80
4294967278,79
4294967278,78
4294967278,77
4294967278,76
4294967278,75
4294967278,74
4294967278,72
4294967278,69
4294967278,67
4294967278,66
4294967278,65
4294967278,64
4294967278,63
4294967278,62
4294967278,61
4294967278,346
4294967278,2
4294967278,0
4294967278,260
4294967279,83
4294967279,81
4294967279,78
4294967279,366
4294967279,66
4294967279,260
4294967279,61
4294967279,57
4294967279,56
4294967279,344
4294967279,53
4294967279,52
4294967279,51
4294967279,50
4294967279,543
4294967279,49
4294967279,48
4294967279,47
4294967279,46
4294967279,45
4294967279,44
4294967279,43
4294967279,232
4294967279,41
4294967279,40
4294967279,39
4294967279,38
4294967279,37
4294967279,36
4294967279,365
4294967279,35
4294967279,34
4294967279,33
4294967279,314
4294967279,32
4294967279,31
4294967279,30
4294967279,29
4294967279,28
4294967279,27
4294967279,26
4294967279,25
4294967279,24
4294967279,23
4294967279,22
4294967279,269
4294967279,21
4294967279,20
4294967279,19
4294967279,18
4294967279,17
4294967279,354
4294967279,16
4294967279,288
4294967279,15
4294967279,14
4294967279,548
4294967279,13
4294967279,294
4294967279,12
4294967279,11
4294967279,10
4294967279,9
4294967279,8
4294967279,7
4294967279,6
4294967279,5
4294967279,4
4294967278,330
4294967278,129
4294967278,329
4294967278,393
4294967278,327
4294967278,125
4294967278,322
4294967278,124
4294967278,406
4294967278,123
4294967278,427
4294967278,253
4294967294,120
4294967278,121
4294967278,250
4294967278,321
4294967278,248
4294967278,246
4294967278,240
4294967278,244
2849,5
2849,4
4294967278,242
2849,3
2849,2
2849,1
4294967278,445
4294967278,116
4294967294,107
4294967278,238
4294967278,237
4294967279,512
4294967278,236
4294967278,234
4294967278,111
4294967278,225
4294967278,110
4294967278,405
4294967279,381
4294967278,109
4294967278,433
4294967278,226
4294967294,38
4294967294,37
4294967279,380
4294967278,107
4294967278,222
4294967278,220
4294967278,218
2847,6
2847,5
4294967278,216
2847,4
2847,3
2847,2
2847,1
4294967279,379
4294967278,214
4294967294,40
4294967294,999
4294967294,1175
4294967294,423
4294967294,436
4294967294,41
4294967279,364
4294967278,100
4294967278,392
4294967279,378
4294967278,99
4294967278,211
4294967278,210
4294967294,43
4294967294,45
4294967294,53
4294967294,51
4294967294,167
4294967294,1172
4294967294,113
4294967294,410
4294967294,451
4294967294,456
4294967294,1016
4294967294,87
4294967294,86
4294967294,84
4294967278,97
4294967278,336
4294967279,377
4294967278,208
4294967278,205
4294967278,204
4294967294,83
4294967278,87
4294967278,202
4294967278,201
4294967294,99
4294967294,5
4294967279,77
4294967279,0
4294967278,85
4294967278,84
4294967278,197
4294967278,425
4294967279,565
4294967278,196
4294967294,91
4294967294,90
4294967278,82
4294967294,1420
4294967278,195
4294967278,215
4294967279,82
4294967278,194
4294967278,192
2844,5
4294967278,191
2844,4
4294967279,191
2844,3
2844,2
2844,1
4294967278,190
4294967278,73
4294967278,188
4294967279,188
4294967278,187
4294967278,370
4294967278,186
4294967294,1173
4294967279,186
4294967279,63
4294967294,1100
4294967278,71
4294967278,70
4294967278,183
4294967278,239
4294967279,70
4294967279,363
4294967278,182
4294967279,182
4294967278,181
4294967278,180
4294967279,179
4294967278,178
4294967279,176
2842,5
4294967278,177
2842,4
2842,3
2842,2
2842,1
2840,6
2840,5
2840,4
2840,3
2840,2
2840,1
2839,5
4294967294,998
4294967294,1013
4294967294,528
2839,4
2839,3
2839,2
2839,1
2838,5
2838,4
2838,3
2838,2
2838,1
2837,5
2837,4
2837,3
2837,2
2837,1
4294967294,115
4294967278,287
2835,4
2835,3
2835,2
2835,1
4294967294,8
4294967294,6
4294967294,397
4294967294,420
4294967294,406
4294967294,385
4294967294,443
4294967294,183
4294967294,415
4294967294,417
4294967294,190
4294967294,109
4294967294,160
4294967278,376
4294967278,68
4294967279,539
4294967279,68
4294967279,174
4294967279,322
4294967278,444
2834,5
2834,4
2834,2
2834,1
4294967294,1414
4294967294,1003
4294967294,182
4294967278,224
4294967279,219
4294967294,89
2832,6
2832,5
2832,4
2832,2
2832,1
4294967278,443
4294967279,207
4294967279,329
4294967279,206
4294967279,205
4294967279,203
4294967279,202
4294967279,201
4294967279,200
4294967294,392
2829,5
2829,4
2829,2
2829,1
4294967278,442
2827,5
2827,4
2827,3
2827,2
2827,1
4294967278,176
4294967279,173
4294967279,172
2825,6
4294967279,54
4294967294,474
4294967279,55
4294967279,342
2825,5
2825,4
2825,3
2825,2
2825,1
4294967279,160
2824,5
4294967279,158
2824,4
4294967279,157
2824,3
2824,2
2824,1
4294967279,571
4294967279,42
